1217535106 34
1217590674 89
1217595892 160
1217788405 193
1217788450 192
1217788884 193
1217789400 198
1217789503 197
1217790600 211
1217791748 217
1217793039 228
1217793309 228
1217793858 227
1217804702 319
1217809594 355
1217811136 358
1217812248 367
1217812403 377
1217812816 376
1217813688 389
1217813692 387
1217814090 387
1217853325 416
1217854373 415
1217854448 414
1217855800 395
1217856733 396
1217856770 397
1217883962 397
1217884016 397
1217884057 397
1217884290 394
1217884706 394
1217884795 394
1217884855 395
1217885386 396
1217885416 398
1217887303 398
1217887747 396
1217888427 405
1217892632 405
1217892713 341
1217895469 341
1217895545 341
1217896924 343
1217896961 343
1217898384 342
1217952587 368
1217955252 368
1217955272 368
1217964111 369
1217964610 386
1217970257 381
1217971837 405
1217972069 400
1217972827 400
1217974087 424
1217974654 438
1217974932 438
1217975203 439
1217975346 438
1217976806 437
1217976819 438
1217978489 467
1217978572 465
1217978970 465
1217979147 468
1217979228 468
1217979526 468
1217979665 468
1217979881 468
1217979895 1144
1217980018 1144
1217982121 1144
1217982142 1145
1217983646 1145
1217983662 1136
1217985220 1144
1217985521 1149
1218022908 1161
1218023283 1165
1218026935 1170
1218026991 1169
1218027069 1171
1218062975 1190
1218067365 1273
1218067406 1272
1218211284 1273
1218407315 1331
1218414170 1351
1218414234 1385
1218420610 1467
1218421003 1472
1218421135 1472
1218422488 1474
1218422527 1474
1218423655 1475
1218458543 1480
1218458777 1484
1218468727 1493
1218471152 1516
1218471467 1517
1218482505 1518
1218482743 1519
1218482764 1520
1218482885 1521
1218483275 1522
1218483446 1523
1218483881 1523
1218488925 1521
1218489375 1521
1218489675 1521
1218489721 1523
1218490108 1523
1218498133 1592
1218500094 1597
1218500284 1597
1218504667 1638
1218505274 1693
1218505905 2144
1218538336 2144
1218551984 2144
1218552017 2307
1218574870 2307
1218575714 2335
1218576155 2340
1218576811 2338
1218581646 2363
1218593197 2380
1218594496 2422
1218594943 2423
1218597293 2432
1218597313 2430
1218597636 2438
1218599229 2455
1218599326 2455
1218599883 2487
1218600295 2492
1218600514 2493
1218600639 2493
1218600704 2495
1218601247 2496
1218601924 2496
1218601935 2517
1218637532 2523
1218637651 2536
1218665264 2523
1218667850 2524
1218667867 2522
1218668481 2513
1218668719 2513
1218669024 2515
1218669086 2515
1218825197 2515
1218892687 2521
1218929863 2524
1218930269 2584
1218930884 2584
1218930941 2580
1218930980 2581
1218931155 2583
1218931190 2583
1218931199 2584
1219086420 2584
1219088938 2586
1219090396 2513
1219092686 2539
1219095764 2553
1219098878 2555
1219100768 2555
1219100777 2555
1219159900 2556
1219178438 2563
1219178614 2623
1219182942 2623
1219182971 2621
1219183114 2658
1219183521 2660
1219184510 2661
1219265827 2663
1219265871 2665
1219267084 2670
1219267155 2675
1219267790 2670
1219274398 2699
1219274588 2690
1219274757 2690
1219275245 2683
1219275703 2695
1219348713 2696
1219355998 2697
1219528750 2700
1219529338 2700
1219534226 2697
1219534309 2704
1219536089 2727
1219538004 2727
1219544496 2809
1219544781 2807
1219544918 2811
1219545433 2814
1219601735 2816
1219963141 2816
1220117864 2818
1220118891 2827
1220120102 2845
1220121421 2852
1220124750 2855
1220124880 2864
1220125446 2874
1220125663 2874
1220127507 2894
1220131738 2910
1220132043 2911
1220132482 2920
1220140085 2917
1220140204 2947
1220140337 2945
1220194394 3000
1220195926 3005
1220196010 3006
1220196637 3013
1220197646 3034
1220199092 3034
1220199418 3034
1220200458 3047
1220202242 3059
1220208554 3059
1220208620 3116
1220220607 3125
1220222651 3126
1220308566 3137
1220386703 3153
1220387793 3153
1220474442 3157
1220550617 3157
1220742026 3167
1220742945 3176
1220743340 3178
1220746537 3179
1220746792 3222
1220747054 3223
1220748805 3233
1220753552 3233
1220753951 3241
1220754335 3246
1220754477 3247
1220787674 3250
1220791104 3250
1220794311 3275
1220794938 3272
1220795058 3272
1220795146 3272
1220795324 3280
1220795430 3280
1220797472 3281
1220798277 3286
1220806007 3291
1220808232 3292
1220808281 3283
1220808436 3279
1220810080 3267
1220815928 3298
1220817102 3314
1220817517 3327
1220817954 3336
1220819384 3346
1220820131 3349
1220865593 3350
1220905152 3352
1220905261 3355
1220905872 3362
1220905922 3362
1220906395 3362
1220909961 3366
1220910096 3395
1220910402 3380
1220911541 3392
1220911596 3390
1221078227 3391
1221079397 3392
1221080226 3440
1221080295 3401
1221080576 3424
1221084437 3502
1221084503 3502
1221085501 3502
1221085559 3501
1221085572 3500
1221319893 3507
1221335514 3539
1221336181 3539
1221336591 3551
1221337092 3562
1221339916 3571
1221340433 3574
1221341018 3575
1221342489 3576
1221342618 3577
1221342828 3577
1221343645 3583
1221344079 3586
1221344320 3588
1221347494 3623
1221348108 3626
1221349321 3623
1221349757 3623
1221406023 3588
1221406252 3588
1221417721 3588
1221423352 3596
1221430632 3623
1221432946 3622
1221433318 3621
1221434863 3626
1221435458 3629
1221435680 3630
1222002551 3654
1222433329 3655
1222433348 3654
1222434617 3657
1222517387 3653
1222557451 3702
1222720539 3704
1222807636 3705
1222899152 3733
1222899505 3735
1222899563 3736
1222899884 3735
1222976085 3716
1222977682 3715
1222978304 3713
1222978961 3722
1222979016 3720
1223642972 3719
1223643457 3723
1223766606 3770
1223766901 3798
1223769049 3873
1223769364 3874
1223770000 3880
1223770623 3890
1223770634 3890
1223771614 3891
1223772140 3895
1223847283 3899
1223847617 3905
1224108082 3906
1224108155 3907
1224108479 3907
1224185022 3913
1224185075 3934
1224963379 4097
1225020862 4096
1225023771 4152
1225043243 4164
1225043996 4145
1225058288 3936
1225138480 3942
1225299740 3952
1225304533 3952
1225991578 3953
1226004703 3953
1226007989 3988
1226008837 3999
1226010013 4005
1226010592 4014
1226265197 4020
1226265703 4019
1226268373 4068
1226269699 4070
1226399130 4087
1226426978 4096
1226436952 4098
1226527654 4151
1226528796 4169
1226602135 4171
1228077082 4171
1228077092 4172
1228077462 4174
1228399504 4317
1228400538 4183
1229154296 4208
1232317451 4184
1232319326 4173
1232319372 4183
1232320715 4184
1232320921 4191
1232321595 4191
1232577941 4217
1232822554 4214
1232822734 4241
1232823402 4242
1232823473 4270
1232824105 4270
1232836743 4269
1232836863 4269
1232838070 4277
1232838291 4284
1232838508 4287
1233090492 4305
1233092795 4314
1233174226 4316
1233693223 4324
1233707515 4335
1233708467 4342
1233732956 4342
1233865437 4340
1233866535 4365
1233866791 4369
1233867019 4370
1234034441 4372
1234035625 4391
1234036209 4391
1234039851 4401
1234040608 4406
1234049756 4482
1234127209 4518
1234140717 4519
1234144727 4524
1234301301 4528
1234337182 4573
1234337828 4538
1234337895 4573
1234339748 4529
1234339887 4538
1234340145 4577
1234395600 4528
1234651854 4547
1234652326 4566
1234652709 4571
1234654641 4584
1234654745 4584
1234655264 4591
1234655411 4590
1234655580 4621
1234656366 4620
1234656413 4621
1234656666 4650
1234657106 4653
1234657581 4654
1234658299 4665
1234659506 4672
1234660997 4673
1234661025 4673
1234661311 4678
1234667674 4680
1234720835 4681
1234721233 4681
1234721746 4685
1234734541 4688
1234735090 4695
1234736985 4687
1234821594 4705
1234934937 4714
1234972434 4706
1235013460 4719
1235043881 4706
1235077405 4714
1235085326 4719
1235085457 4739
1235085930 4740
1235159732 4803
1235168200 4762
1235188995 4805
1235271253 4822
1235286632 4778
1235694091 4744
1235832563 4744
1235833502 4768
1235841391 4772
1235841742 4772
1235841920 4772
1235869223 4797
1235869339 4800
1235912762 4830
1235913323 4840
1235933844 4844
1235935601 4862
1235936144 4866
1235936702 4866
1236475639 4869
1236476553 4873
1236477029 4928
1236516112 4943
1236531095 4982
1236537101 4865
1236628778 4878
1237676119 4893
1237677662 4899
1237678005 4899
1237678840 4908
1237679692 4912
1237680151 4921
1237719886 4963
1242572317 5027
1242581649 5028
1244284829 4963
1244287578 4981
1244289125 4997
1244289270 4996
1244290006 5006
1244290695 5020
1244291009 5027
1244305792 5029
1244306522 5031
1244307016 5032
1244319432 5032
1244321342 5078
1244321396 5078
1244391076 5081
1244398627 5078
1244400069 5081
1244400140 5085
1244401059 5089
1244401395 5089
1244401475 5088
1244412588 5086
1244486236 5088
1245611375 5089
1245611601 5090
1247607753 5092
1247608106 5092
1247612932 5072
1247617552 5074
1248721415 5080
1248724922 5084
1248725564 5092
1248727176 5102
1248728707 5102
1248729694 5108
1248737144 5197
1248737539 5197
1248807492 5198
1250528829 5205
1250529008 5206
1250585198 5206
1252249490 5214
1252258038 5226
1252784170 5229
1252784599 5229
1256493344 5231
1257195738 6267
1257619063 5226
1259941251 5342
1266908447 5242
1267679238 5355
1268255312 5245
1268255552 5256
1268255986 5259
1268256093 5262
1268256582 5305
1268257084 5313
1268257136 5312
1268257391 5313
1268306310 5341
1268406373 5346
1268408588 5348
1268578377 5430
1268596770 5463
1268596771 5509
1268596772 5463
1268746484 5433
1268746973 5433
1269069802 6104
1269070155 6096
1269087250 5433
1269088411 5434
1269102157 5440
1269102245 5457
1269441775 5662
1269442453 5773
1269612013 5533
1269621230 5544
1269621415 5544
1269688807 5548
1269688871 5651
1269788675 5652
1269788748 5653
1269883698 6264
1269894069 5654
1270081416 5770
1270081510 5773
1270083494 5806
1270106381 5807
1270927047 6111
1270927387 6111
1271078279 5937
1271106642 5988
1272211121 5939
1272213730 5988
1272219281 5988
1272219753 6000
1272320306 6054
1272325095 6071
1272350772 6113
1272413254 6085
1272463724 6089
1272687772 6085
1273063736 6097
1273071927 6105
1273072546 6104
1273102040 6112
1273103316 6119
1273141287 6125
1273145591 6133
1273145939 6133
1273170727 6174
1273171120 6175
1273262449 6182
1273264133 6141
1273264334 6142
1273265579 6174
1273266654 6177
1273300915 6177
1273422550 6178
1273568618 6178
1273568793 6181
1273703644 6209
1273739172 6206
1273770709 6208
1273921752 6216
1274040649 6216
1274049741 6220
1274050422 6219
1274051917 6216
1274051940 6219
1274108725 6230
1274175297 6233
1274306290 6261
1274307723 6263
1274307784 6264
1274310902 6264
1274311334 6264
1274426001 6264
1274431418 6265
1274894556 6264
1274898296 6266
1275045668 6459
1275059431 6292
1275060591 6283
1275135896 6291
1275324416 6443
1275325806 6443
1275336341 6454
1275340987 6455
1275407213 6463
1275867887 6548
1275903926 6499
1275904018 6499
1275905581 6497
1275950739 6513
1276116830 6513
1276120378 6527
1276144804 6536
1276187725 6527
1276269310 6535
1276453214 6542
1276605376 6542
1276695054 6543
1276774615 6543
1276809114 6546
1277027150 6547
1277027414 6552
1277598040 6572
1277660606 6562
1277661959 6573
1277756686 6573
1277756962 6603
1277757096 6603
1277845694 6606
1277847264 6616
1277848389 6617
1277848540 6618
1277849345 6620
1277849531 6638
1277974320 6637
1277974446 6637
1278088308 6643
1278371963 6649
1278666650 6649
1278758472 6649
1278762065 6671
1278877639 6906
1280070699 6907
1280757049 6937
1280757182 6938
1280757302 6958
1280757769 6958
1280757831 6959
1280758071 6966
1280913299 6974
1281085443 6980
1281383445 6982
1281391091 6977
1282072963 6981
1282317349 6933
1282317837 6933
1282561393 6933
1282570528 6934
1283302754 6934
1283433952 6934
1283449945 7067
1283541397 6170
1283545692 6846
1283546110 6855
1284212987 7059
1284215127 7043
1284215278 7043
1284222614 7035
1284364710 7042
1284364759 7051
1284392912 7035
1284393211 7046
1284393330 7041
1284502018 7204
1284555130 7053
1284575930 7068
1284576271 7071
1284577797 7080
1284582481 7085
1284582995 7085
1284672259 7204
1284672809 7211
1284711662 7221
1284730410 7222
1284730895 7230
1284731418 7227
1284744124 7348
1284818860 7344
1285006299 7367
1285006380 7369
1285006467 7371
1285006623 7372
1285006814 7372
1285038391 7374
1285040801 7393
1285041386 7397
1285041732 7396
1285041839 7394
1285042325 7395
1285045288 7401
1286475306 7469
1286625918 7479
1286630731 7485
1286711218 7494
1286814159 7536
1286814201 7542
1286876725 7543
1287261821 7539
1287427869 8805
1287724881 7546
1288173211 7542
1288173416 7543
1288303817 7539
1288619363 7549
1288621520 7549
1288621732 7551
1288622360 7551
1288716394 7551
1288716657 7537
1288718687 7545
1288968802 7546
1289192279 7560
1289396229 7653
1289999647 7561
1290033345 7593
1290033689 7593
1290034018 7594
1291058915 7652
1291191896 7652
1291223362 7653
1291329626 7653
1291380370 7653
1291387836 7653
1291446321 7654
1291751847 7655
1291757531 7659
1293102594 7661
1293357040 7673
1293635499 7673
1293635514 7673
1293650876 7687
1293804560 7685
1293898185 7739
1293898894 7736
1295033927 7736
1298606787 7745
1298911371 7876
1298911401 7899
1299081590 7902
1299433329 7868
1299435131 7900
1299435932 7902
1299480703 7909
1299503488 7906
1300020544 7910
1300256676 7914
1300761596 7915
1300774072 7919
1300774188 7919
1300897032 7919
1300897140 7919
1301223287 7929
1301240832 7922
1301380994 7922
1301381543 7927
1301383894 7927
1301411029 7925
1301565143 7927
1301567056 7924
1301732027 8016
1301732195 8016
1301741919 8018
1301744379 8019
1301744474 8020
1301745231 8020
1301822223 8022
1301822500 8246
1301839747 8260
1301858867 8260
1301882551 8260
1301888042 8260
1301911558 8760
1302130684 8265
1302404917 8269
1302487395 8303
1302559533 8303
1302570981 8382
1302573971 8382
1302641018 8391
1302648562 8393
1302675106 8394
1302675225 8394
1302683049 8394
1302683278 8395
1302741587 8395
1302768691 8814
1302791616 8388
1302791762 8388
1302814253 8398
1302913770 8563
1303064279 8560
1303134768 8503
1303212225 8491
1303212341 8491
1303212531 8498
1303212642 8498
1303215561 8498
1303215893 8498
1303215983 8501
1303219395 8501
1303226727 8397
1303414075 8560
1303521754 8397
1303612570 8448
1303614476 8448
1303661849 8448
1303662808 8491
1303664352 8501
1303686630 8560
1303730755 8555
1303734714 8554
1303747365 8553
1303777740 8564
1303843477 8683
1303853771 8692
1303854924 8703
1303855464 8694
1303899787 8706
1303932565 8709
1303939643 8718
1304010315 8715
1304013477 8715
1304016895 8704
1304070998 8704
1304107908 8683
1304177233 8684
1304178466 8771
1304178737 8772
1304180228 8817
1304181950 8824
1304277748 8823
1304278070 8824
1304294570 8813
1304296950 8813
1304311280 8805
1304438841 8805
1304522232 8806
1304819746 8806
1305008966 9102
1305043842 9369
1305128638 9157
1305140332 9349
1305215750 9349
1305276424 9363
1305498770 9370
1305648329 9375
1305649608 9376
1305656563 9390
1305697684 9389
1305781690 9457
1305781887 9457
1305782967 9457
1305783211 9461
1305824607 9423
1305906606 9389
1306266115 9391
1306338334 9423
1306419467 9393
1306442223 9395
1306477918 9483
1306819731 9457
1306930949 9457
1307075991 9464
1307369863 9465
1307563824 9465
1307567294 9475
1307568692 9476
1307902781 9487
1307918901 9488
1307941810 9494
1308026002 9495
1308027924 9513
1308029466 9521
1308108143 9515
1308108596 9488
1308156554 9534
1308407384 9535
1308420362 9535
1308439037 9664
1308440006 9656
1308466328 9587
1308479059 9535
1308484683 9535
1308508628 9614
1308633920 9617
1308670996 9657
1308758719 9618
1308761535 9619
1308955775 9620
1308957333 9618
1309135232 9625
1309136011 9625
1309137386 9627
1309238509 9634
1309379885 9671
1309414248 9630
1309722315 9634
1309745998 9652
1309746823 9673
1309882598 9656
1309920642 9667
1309932375 9667
1309969374 9666
1309970113 9672
1310144603 9673
1310145160 9664
1310177123 9664
1310187403 9664
1310193398 9683
1310441675 9684
1310443215 9700
1310801573 9708
1310801684 9708
1311453779 9656
1311453853 9654
1311454539 9658
1311536731 9714
1311655386 9770
1312176737 9659
1312421194 9717
1313263903 9717
1313293379 9719
1313368112 9730
1313522195 9755
1313749265 9745
1313768778 9756
1313793230 9755
1313793983 9760
1313871354 9750
1313874321 9754
1313971326 9704
1314383733 9754
1314432732 9754
1314433576 9661
1314636277 9755
1314895119 9756
1314984967 9703
1315598303 9661
1318011285 9672
1318012726 9705
1318012813 9706
1319218639 9706
1319224963 9706
1319225008 9707
1319301178 9707
1319467427 9720
1319467842 9720
1319867613 10291
1319867980 10291
1319875485 10274
1319875931 10384
1321990619 9707
1321990644 9691
1322240257 9692
1322240342 9693
1322246772 9719
1322585858 9721
1323096368 9723
1323096584 9724
1323101169 9724
1323101926 9724
1323374180 9729
1323375424 9737
1323453266 9737
1323456933 9739
1323893254 9867
1323893991 9871
1323894167 9879
1324465384 9902
1324465728 9902
1324465793 9901
1324468428 9971
1324469333 9971
1324469754 9971
1324471667 9961
1324491257 9962
1324583774 9980
1324588325 9983
1324660846 9992
1324678217 9992
1324678258 9994
1324678555 10004
1325091131 10003
1325099669 10016
1325101881 10027
1325689325 10031
1325699795 10033
1325706557 10069
1325706628 10069
1325729020 10070
1325772899 10072
1325773940 10073
1325891396 10073
1325891932 10073
1326024888 10123
1326035568 10123
1326061982 10124
1326062838 10125
1326134043 10127
1326231622 10131
1326482754 10144
1326485259 10147
1326570894 10220
1326622893 10226
1326623002 10254
1326623061 10261
1326624143 10277
1326624476 10278
1326747839 10275
1326852384 10274
1327231175 10275
1327232993 10274
1327400079 10287
1327400924 10374
1327402456 10374
1327866455 10432
1327965335 10428
1327965945 10428
1328484196 10430
1328484929 10475
1328619849 10475
1329147758 10475
1329561681 10480
1331030510 10480
1331202841 10884
1332010831 10495
1333011795 10496
1333012598 10577
1333426746 10574
1333427696 10574
1333432843 10574
1334759906 10579
1334759996 10583
1334894763 10583
1335035232 10592
1335052824 10597
1335082793 10599
1335210338 10913
1335350805 10995
1335898012 10793
1335986606 10877
1335986700 10884
1335987187 10895
1335987553 10906
1336083476 10915
1336114638 10913
1336148999 10919
1336149028 10919
1336378394 10918
1336389155 10921
1336473522 10921
1337801104 10924
1337802038 10995
1338533992 10995
1338534020 10998
1338541408 11000
1339873439 11023
1342285075 11094
1342288252 11094
1342289988 11106
1344174077 11107
1344180394 11182
1347785942 11204
1347786141 11219
1347818818 11220
1347818838 11224
1347818844 11225
1348414685 11242
1348415757 11241
1348417049 11241
1348418235 11281
1349516508 11310
1350204263 11320
1354176263 11325
1357396655 11330
1357398925 11340
1357476532 11344
1357627876 11366
1357628337 11367
1357759663 11370
1358435575 11403
1360186680 11669
1360188040 11671
1360962051 11720
1360967172 11716
1361002522 11744
1361003274 11755
1361004031 11774
1361311099 11774
1361395238 11783
1361557176 11819
1361557646 11815
1361563194 11820
1361819658 11820
1361820610 11820
1361913371 11821
1362158924 11821
1362159905 11840
1362343919 11877
1362428290 11908
1363468549 11910
1363561101 11983
1363561419 11983
1363562637 11983
1363725145 11987
1363731403 11989
1363731873 11989
1363889124 11989
1364055707 12132
1364307816 12134
1364842341 12228
1364928357 12235
1364929569 12435
1364930896 12443
1365105418 12501
1365508869 12508
1367172727 12595
1367258441 12602
1367438720 12604
1367438843 12604
1367869585 12604
1367869652 12610
1367869856 12610
1368049563 12617
1368049704 12624
1368049760 12615
1368051212 12639
1368054368 12639
1368055252 12664
1368056608 12667
1368269901 12667
1368359451 12787
1368359810 12811
1368361019 12812
1368551745 12811
1369006257 12889
1369007110 12885
1369058242 12880
1369059283 12887
1369061076 12890
1369255519 12895
1369265146 12895
1369415213 12905
1369510791 13107
1369516350 13126
1369517441 13128
1369761342 13125
1369763558 13129
1369763656 13125
1369765367 13125
1369785617 13134
1369874258 13129
1369876309 13129
1370037063 13130
1370037417 13133
1370974362 13133
1371754118 13152
1371771696 13198
1372959094 13189
1373076944 13363
1373077075 13361
1373077992 13371
1373080274 13371
1373080454 13370
1373081029 13393
1373081176 13391
1373081884 13391
1373085970 13400
1373196275 13403
1373198320 13402
1373199400 13402
1373199455 13404
1373199892 13418
1373200845 13418
1373200988 13418
1373202153 13418
1373212270 13417
1373212391 13415
1373216584 13417
1373218222 13419
1373218885 13423
1373219045 13422
1373220791 13444
1373223403 13444
1373230716 13450
1373659962 13451
1373660029 13452
1373660519 13452
1373664281 13454
1373664573 13456
1373713339 13452
1373713576 13459
1373713814 13453
1373717029 13463
1373718401 13469
1373731333 13470
1373802322 13473
1373803026 13472
1373803616 13472
1373808986 13477
1373838459 13461
1373838552 13454
1373838942 13456
1373887652 13456
1374057247 13456
1374068590 13469
1374070233 13472
1374142964 13374
1374144204 13244
1374144457 13318
1374144722 13316
1374179569 13316
1374233202 13316
1374268935 13315
1374324055 13131
1374324341 13131
1374327025 13134
1374328048 13132
1374328082 13134
1374328141 13133
1374330331 13133
1374331225 13134
1374331301 13135
1374336245 13136
1374340543 13162
1374340694 13161
1374346202 13161
1374425700 13146
1374438249 13141
1374453568 13141
1374507726 13137
1374540464 13134
1374687954 13130
1374791567 13130
1374851961 13129
1374852321 13130
1374920040 13222
1375300591 13130
1375365551 13121
1375370283 13201
1375394463 13198
1375396204 13222
1375397521 13222
1375398330 13222
1375449401 13260
1375466701 13232
1375482803 13268
1375485976 13236
1375543153 13236
1375545533 13281
1375564183 13283
1375568737 13282
1375569395 13278
1375575284 13271
1375576907 13269
1375707687 13272
1375799777 13130
1375812161 13130
1375971450 13108
1375972729 13107
1376039057 13109
1376040450 13131
1376041512 13135
1376041620 13135
1376041788 13133
1376041939 13134
1376043976 13140
1376126394 13145
1376660756 12378
1376664304 13170
1376665238 12363
1376665975 12366
1376681458 12375
1376681529 12375
1376681691 12375
1376682367 12375
1376682430 12371
1376701591 12371
1376740309 12369
1376742149 12370
1376742261 12371
1376742370 12376
1376742783 12381
1376746926 12469
1376781940 12469
1376782695 12475
1376837222 12475
1376850562 12476
1376850630 12482
1376871877 12484
1376905225 12484
1376905607 12484
1376906609 12485
1376921438 12485
1376930553 12538
1376946246 12541
1377186378 12525
1377215727 12523
1377295572 12515
1377295925 12515
1377296671 12517
1377426983 12520
1377459094 12517
1377459442 12520
1377519014 12519
1377519219 12768
1377605812 12769
1377625217 12791
1377626485 12791
1377627590 12791
1377639136 12788
1377639323 12789
1377643269 12801
1377646801 12801
1377647271 12801
1377647736 12801
1377648336 12802
1377648388 12802
1377648448 12803
1377648601 12804
1377650245 12804
1377650780 12809
1377654161 12871
1377657685 12887
1377658284 12887
1377659289 12899
1377697203 12899
1377698046 12815
1377723393 12817
1377731295 12815
1377785323 12837
1377786342 12839
1377786496 12839
1377829980 12841
1377865575 12831
1377870831 12843
1377870913 12844
1377870937 12844
1377871036 12845
1377871194 12845
1377871529 12847
1377871874 12831
1377966278 12853
1377967957 12853
1378004129 12860
1378047374 12872
1378047962 12909
1378072136 12928
1378072147 12927
1378073954 12942
1378084272 12942
1378084310 12942
1378232786 12949
1378234213 12953
1378234264 12953
1378235946 12953
1378236681 12953
1378236708 12951
1378236851 12952
1378239976 12959
1378284546 12959
1378306921 12959
1378311699 12986
1378312407 12987
1378330171 12968
1378821536 13000
1378822161 13001
1378825989 13021
1378829362 13021
1378829854 13031
1378840935 12943
1378846209 12937
1378846559 12936
1378848058 12927
1378849741 12927
1378908204 12934
1378942462 12933
1378942896 12934
1378943337 12930
1378943964 12930
1378944136 12930
1378944335 12923
1378944555 12923
1378944762 12923
1378945117 12923
1378991756 12923
1378992083 12925
1379009364 12903
1379013373 12960
1379022932 12962
1379085513 12962
1379086286 12962
1379156919 12962
1379157445 12959
1379158035 12960
1379180264 12961
1379180756 12961
1379181453 12962
1379201244 12963
1379201267 12963
1379206642 12963
1379206831 12968
1379214965 12969
1379336547 12969
1379338024 12970
1379499182 12971
1379499320 12970
1379499433 12970
1379499614 12971
1379499712 12971
1379500397 12971
1379501147 12970
1379501514 12959
1379501541 12961
1379502449 12961
1379540772 12960
1379540973 12960
1379545250 12917
1379610532 12925
1379610615 12922
1379613090 12924
1379634554 12924
1379634938 12830
1379713362 12790
1379713720 12868
1379714052 12868
1379776475 12868
1379776542 12869
1379776568 12869
1379814113 12869
1379814254 12868
1379944600 12841
1379947095 12820
1379950700 12817
1380024538 12817
1380024940 12817
1380025002 12818
1380025471 12829
1380025687 12827
1380026710 12836
1380028670 12836
1380167896 12838
1380168170 12838
1380199231 12816
1380199361 12822
1380199410 12822
1380200248 12807
1380200395 12807
1380203951 12824
1380233223 12823
1380234099 12823
1380295498 12823
1380295739 12821
1380423381 12822
1380424574 12822
1380471192 12793
1380471539 12794
1380471809 12794
1380471873 12867
1380472292 12868
1380473042 12870
1380473398 12868
1380492272 12870
1380553017 12860
1380583737 12891
1380587183 12892
1380641421 12872
1380641602 12873
1380641638 12874
1380643137 12804
1380646225 12800
1380649091 12801
1380649406 12798
1380665352 12813
1380665379 12813
1380666518 12810
1380676111 12793
1380678823 12801
1380926747 12750
1380928798 12736
1381072851 12728
1381105938 12728
1381107318 12729
1381156874 12731
1381158095 12735
1381259550 12735
1381333642 12504
1381509298 12739
1381513841 12753
1381513995 12753
1381532068 12739
1381532379 12740
1381582456 12529
1381582506 12532
1381668141 12740
1381671718 12766
1381685023 12743
1381846308 12743
1381870791 12651
1381955719 12584
1381958011 12523
1381961699 12527
1382281590 12529
1382282327 12537
1382282367 12542
1382283214 12544
1382286948 12547
1382289613 12549
1382295858 12548
1382346005 12554
1382394231 12554
1382394700 12554
1382637493 12597
1382731587 12598
1382744174 12612
1382749687 12613
1382751647 12633
1382752808 12633
1382783746 12633
1382834004 12373
1382988818 12633
1382989988 12633
1382990083 12633
1382999591 12635
1383000058 12637
1383053160 12640
1383131720 12676
1383132277 12635
1383150948 12635
1383151381 12635
1383157635 12588
1383173476 12511
1383178440 12502
1383178699 12504
1383180622 12504
1383183691 12507
1383212263 12507
1383228601 12517
1383229748 12517
1383235035 12517
1383260164 12524
1383265872 12525
1383325345 12525
1383325418 12525
1383326323 12525
1383579455 12504
1383677379 12526
1383677402 12527
1383677422 12523
1383737077 12524
1383746882 12523
1383905807 12326
1383910604 12327
1383914349 12329
1384078646 12504
1384080736 12504
1384080798 12506
1384110299 12583
1384114877 12381
1384206715 12381
1384282658 12583
1384300434 12583
1384347956 12580
1384354719 12505
1384431322 12502
1384523063 12503
1384718443 12380
1384732668 12381
1384734891 12383
1384791287 12386
1384792982 12388
1384803085 12388
1384803143 12388
1384866472 12388
1384869998 12386
1384872426 12373
1384872868 12361
1384874170 12361
1384890360 12362
1384897913 12346
1384909335 12345
1384910007 12345
1384911726 12346
1384960092 12340
1384993339 12341
1385062488 12345
1385070415 12343
1385070532 12343
1385070594 12335
1385070654 12335
1385070870 12333
1385071028 12330
1385071210 12333
1385073761 12332
1385074126 12333
1385074303 12334
1385075627 12337
1385079253 12338
1385082178 12348
1385131182 12348
1385215695 12348
1385226225 12348
1385226250 12354
1385255016 12344
1385300809 12354
1385300830 12354
1385306561 12309
1385321253 12309
1385321284 12309
1385321299 12306
1385321327 12306
1385344071 12336
1385398447 12336
1385399415 12337
1385399517 12334
1385399939 12334
1385417299 12344
1385417953 12365
1385443273 12369
1386243992 12369
1386245109 12371
1386248923 12371
1386267125 12369
1386267299 12371
1386267979 12370
1386268095 12369
1386268106 12372
1386278980 12377
1386279396 12378
1386279464 12378
1386290205 12378
1386291604 12386
1386329404 12398
1386420407 12398
1386438361 12399
1386464594 12403
1386681037 12404
1386716011 12404
1386718744 12423
1386719002 12439
1386719295 12439
1386774751 12430
1386774905 12431
1386775083 12431
1386775553 12439
1386777882 12441
1386814064 12441
1386815758 12439
1386820307 12439
1386820324 12439
1386820523 12439
1386820742 12439
1386821133 12438
1386821647 12456
1386821834 12456
1387037744 12464
1387038803 12463
1387044674 12461
1387068416 12461
1387138751 12407
1387139805 12411
1387147448 12430
1387317071 12436
1387609440 12437
1387610770 12438
1387610835 12438
1387614755 12460
1387616821 12459
1387616884 12458
1387617228 12458
1387642746 12535
1387672156 12538
1387674093 12532
1387731041 12532
1387933254 12476
1387997942 12486
1387998117 12491
1387999159 12491
1388001425 12493
1388020843 12493
1388021366 12455
1388120405 12493
1388336482 12497
1388352180 12686
1388353672 12685
1388366183 12685
1388412624 12684
1388412707 12684
1388509140 12684
1388512039 12687
1388524677 12705
1388595323 12705
1388620579 12706
1388620642 12706
1388620961 12709
1388621039 12709
1388621106 12707
1388678317 12700
1388678424 12701
1388685175 12716
1388685481 12716
1388689303 12716
1388689452 12715
1388689783 12714
1388703904 12733
1388714901 12730
1388715327 12730
1389090750 12732
1389092182 12732
1389117561 12713
1389211653 12720
1389254231 12720
1389290581 12720
1389297099 12720
1389974402 12728
1390071818 12720
1390074278 12720
1390083719 12734
1390085121 12734
1390088271 12762
1390088455 12762
1390573076 12766
1390575205 12771
1390576721 12801
1390578894 12801
1390654735 12807
1390662645 12808
1390662818 12811
1390689641 12902
1390733543 12902
1390740945 12892
1390741099 12914
1390741145 12925
1390903809 12919
1390907703 12919
1390907860 12933
1390908330 12932
1390908533 12932
1390909083 12905
1390911026 12903
1390940346 12903
1390993107 12904
1391002544 12907
1391004554 12831
1391005642 12819
1391019292 12815
1391019768 12815
1391019785 12811
1391024754 12811
1391170293 12811
1391194631 12811
1391221206 12814
1391375220 12814
1391544565 12814
1391606934 12814
1391607327 12814
1391638560 12814
1391639520 12815
1391699520 12815
1391699580 12799
1391699640 12797
1391700699 12797
1391704045 12801
1391705628 12801
1391714051 12807
1391784096 12807
1391790058 12819
1392112896 12819
1392120704 12818
1392120777 12818
1392122370 12822
1392122396 12824
1392122590 12825
1392123138 12829
1392295406 12833
1392295771 12834
1392295797 12834
1392296140 12834
1392297827 12834
1392301806 12845
1392306671 12849
1392306694 12842
1392306733 12857
1392306840 12857
1392307248 12857
1392308896 12858
1392308977 12860
1392318637 12861
1392320653 12868
1392321048 12850
1392321496 12841
1392321730 12841
1392322379 12840
1392323555 12841
1392324552 12843
1392387673 12842
1392389583 12842
1392389924 12849
1392404915 12842
1392468930 12842
1392469554 12843
1392735709 12854
1392843011 12850
1392844863 12875
1392844879 12875
1392846840 12875
1393074778 12876
1393075163 12884
1393088520 12909
1393247258 12886
1393425243 12887
1393451916 12894
1393452458 12894
1393530481 12893
1393725452 12890
1393824811 12890
1393825815 12889
1393827689 12889
1393827833 12889
1393953356 12889
1393953494 12899
1394047609 12898
1394053212 12897
1394143243 12898
1394666499 12897
1395186711 12908
1395194683 12908
1395262904 12909
1395271846 12909
1395318633 12909
1395327070 12911
1395335452 12885
1395339878 12886
1395342918 12886
1395417965 12890
1395501304 12891
1395501628 12896
1395505523 12909
1395508018 12909
1395508829 12913
1395510265 12912
1395510576 12914
1395585012 12928
1395585441 12904
1395586404 12903
1395669163 12907
1395669861 12907
1395687816 12946
1395782065 12948
1395786427 12948
1395878029 12948
1396021094 12949
1396271196 12945
1396273266 12946
1396284788 12946
1396445661 12945
1396446456 12945
1396446499 12945
1396535049 12945
1396542559 12948
1396803471 12951
1396810741 12976
1396811905 12976
1396901686 12986
1397052212 12985
1397294838 12999
1397322835 12999
1397642868 13000
1397643296 13001
1397687990 13001
1399033957 13001
1399070219 13005
1399144517 13005
1399284089 13003
1399374851 13003
1399578975 13003
1399924560 13007
1400077848 13003
1400175876 13003
1400495224 13003
1400783301 13013
1402326658 13013
1403169120 13010
1403170059 13026
1403181043 13026
1403550506 13026
1404922811 13030
1405252733 13031
1405853922 13033
1406210131 13035
1406288539 13035
1406317590 13036
1406644731 13036
1407015528 13037
1407018750 13038
1407162023 13031
1407343927 13040
1407427636 13040
1407427796 13055
1408213544 13055
1408984848 13058
1409557908 13018
1410089361 13019
1410130031 13020
1410211443 13021
1411915496 13020
1411915891 13020
1412516594 13019
1412951652 13021
1412968757 13020
1413092076 13020
1413139788 13022
1413198280 13020
1413201349 13022
1413465202 13022
1413478101 13018
1413481402 13049
1413482155 13049
1414061873 13049
1414231847 13050
1414236565 13054
1415112474 13054
1415930899 13054
1415973616 13054
1415986478 13056
1416096107 13060
1416850262 13062
1417123381 13038
1417243983 13038
1417250445 13042
1417254863 12982
1417256722 12982
1417282114 12982
1418315744 12981
1418588715 12981
1419179748 12981
1419179760 12981
1419804774 12981
1421414263 12982
1422120615 12986
1426798531 12088
1426800780 12076
1426800840 12062
1426800900 12063
1426874472 12049
1426876972 12049
1426876987 12049
1426894760 12045
1427918100 12045
1427918160 12047
1427918220 12046
1427918280 12046
1427918340 12040
1427918400 12037
1427918460 11902
1427918520 11902
1427918580 11917
1427918640 12491
1427918700 12491
1427918760 12491
1427918820 12500
1427918880 12766
1427981778 12769
1427984953 12770
1428088236 12770
1428797051 12770
1428797221 12768
1428798366 12758
1428798674 12764
1428799368 12763
1428800740 12800
1429295747 12800
1429697819 12800
1429745521 12800
1429889409 12800
1429911859 12799
1431213205 12804
1431518270 12806
1431731832 12807
1431774754 12807
1432579545 12809
1433788787 12812
1433788894 12841
1435779979 30723
1435782293 30723
1435782409 31119
1435900641 31119
1435901959 31130
1435920226 31120
1436001695 31120
1436008255 31120
1436014322 31117
1436016409 31118
1436016544 31118
1436016638 31118
1436023061 31119
1436023092 31125
1436023432 31125
1436025351 31135
1436091309 31141
1436091760 31142
1436095283 31143
1436111795 31142
1436113122 31142
1436113637 31142
1436122771 31145
1436126013 31145
1436177862 31145
1436178204 31148
1436178474 31149
1436180845 31162
1436181369 31165
1436182513 31209
1436182575 31215
1436183842 31217
1436201489 31228
1436203061 31228
1436204243 31229
1436205984 31230
1436212304 31246
1436262976 31233
1436263227 31234
1436268614 31236
1436273095 31237
1436281071 31246
1436290336 31262
1436290731 31236
1436290744 31237
1436291759 31239
1436292286 31246
1436292952 31245
1436293123 31245
1436294037 31246
1436305486 31263
1436305560 31265
1436320349 31265
1436361332 31268
1436366029 31270
1436366167 31270
1436366882 31283
1436367987 31283
1436368079 31287
1436375001 31287
1436385120 31295
1436385180 31296
1436409701 31291
1436409774 31287
1436416122 31287
1436461695 31295
1436461701 31293
1436461964 31276
1436462074 31282
1436462563 31283
1436466870 31283
1436467127 31283
1436473296 31283
1436513862 31324
1436521771 31351
1436521971 31350
1436533482 31350
1436535250 31362
1436545721 31368
1436549868 31372
1436551170 31384
1436552346 31384
1436557357 31396
1436558100 31405
1436559911 31425
1436568097 31431
1436584014 31432
1436584067 31432
1436584151 31432
1436614924 31432
1436619778 31432
1436631775 31432
1436631785 31433
1436633472 31434
1436643107 31471
1436643138 31471
1436643196 31471
1436650314 31485
1436707894 31488
1436715117 31489
1436764856 31489
1436795220 31490
1436795280 31492
1436795340 31518
1436795400 31529
1436797616 31530
1436852628 31533
1436852643 31541
1436905024 31557
1436961817 31560
1436961903 31563
1436994304 31563
1436997007 31562
1437001355 31562
1437038556 31550
1437039145 31550
1437047940 31594
1437048000 31596
1437050951 31596
1437060568 31596
1437107510 31596
1437107520 31597
1437144460 31550
1437145011 31550
1437145630 31551
1437146759 31554
1437146827 31554
1437149310 31560
1437159061 31551
1437163766 31556
1437163772 31562
1437285219 31563
1437285461 31570
1437434260 31573
1437544155 31574
1437547846 31836
1437575648 31725
1437586041 31745
1437588235 31745
1437589115 31770
1437605239 31770
1437625986 31768
1437650599 31827
1437676544 31827
1437682380 31827
1437683876 31846
1437686631 31871
1437766286 31876
1437854505 31876
1437899161 31881
1437922026 31878
1437922048 31881
1437925101 31881
1437959010 31881
1437959034 31881
1437959102 31881
1437959113 31923
1437959127 31961
1438017165 31961
1438017622 31960
1438030894 31972
1438036522 31971
1438101360 32118
1438101420 32135
1438103959 32160
1438109640 32160
1438109700 32165
1438109760 32168
1438113952 32163
1438149924 32163
1438172323 32164
1438253874 32164
1438253956 32162
1438256460 32163
1438256520 32162
1438256580 32160
1438256640 32159
1438256700 32159
1438256760 32162
1438256820 32163
1438256880 32161
1438259942 32336
1438285495 32330
1438289058 32389
1438290458 32392
1438291266 32393
1438292715 32459
1438308688 32463
1438311705 32467
1438346123 32469
1438355154 32469
1438547059 32469
1438547067 32469
1438597135 32469
1438597258 32471
1438598250 32471
1438697473 32472
1438727249 32477
1438822784 32478
1438831484 32478
1438861051 32483
1438861080 32483
1438861140 32489
1438864404 32495
1438869587 32495
1438903680 32502
1438903740 32505
1438903800 32512
1438904483 32518
1438904564 32518
1438958728 32531
1438959407 32535
1438968179 32535
1438968997 32535
1438969029 32934
1438974114 32973
1439056482 32975
1439127612 32975
1439128963 33129
1439134852 33129
1439137680 33128
1439137740 33136
1439137800 33142
1439145957 33143
1439270104 33140
1439303946 33144
1439303958 33145
1439305059 33219
1439306033 33240
1439315024 33529
1439359621 33529
1439359811 33529
1439391053 33531
1439396221 33530
1439400488 33564
1439400550 33564
1439400604 33566
1439401655 33568
1439438186 33568
1439465036 33568
1439468483 33646
1439476066 33646
1439497368 33646
1439550589 33646
1439556449 33655
1439557258 33655
1439574767 33653
1439638022 33653
1439638697 33673
1439642164 33739
1439642661 33767
1439650843 33778
1439653059 33778
1439653351 33778
1439654457 33778
1439655764 33773
1439664533 33773
1439668678 33773
1439714789 33774
1439727495 33786
1439745840 33787
1439745900 33801
1439745960 33804
1439746020 33804
1439746080 33806
1439746140 33872
1439747163 33872
1439748374 33882
1439874831 33882
1439874840 33882
1439926679 33882
1439926682 33882
1440028652 33907
1440082016 33915
1440082318 33913
1440083214 33921
1440083403 33921
1440125868 33920
1440245554 33920
1440246057 33924
1440249783 33930
1440253924 33930
1440329397 33930
1440332446 33940
1440361294 33883
1440374594 33890
1440374603 33893
1440374607 33893
1440423799 33884
1440425568 33895
1440425584 33896
1440436080 33896
1440436140 33941
1440436200 33941
1440500441 33941
1440501265 33941
1440522014 33950
1440557266 33950
1440618240 33951
1440618270 33959
1440625093 33963
1440793779 33963
1440850611 33963
1440851725 33961
1440854501 33961
1440933701 33961
1440938656 34041
1440940926 34078
1440976537 33999
1441155376 34003
1441201762 34003
1441203383 34006
1441205118 33990
1441205498 33987
1441210552 33987
1441214803 34476
1441214818 34480
1441235042 33987
1441235616 33985
1441244933 33984
1441267884 33984
1441286789 33985
1441305718 33985
1441306648 33985
1441306662 33986
1441306669 34016
1441306754 34023
1441307091 34023
1441379167 34048
1441379280 34042
1441379576 34070
1441380475 34084
1441389546 34201
1441391760 34234
1441447591 34234
1441472140 34235
1441474063 34235
1441492120 34235
1441493388 34235
1441540622 34387
1441545719 34449
1441594998 34450
1441618506 34450
1441623663 34450
1441626307 34449
1441724796 34451
1441735210 34451
1441738175 34451
1441754413 34462
1441754498 34476
1441794798 34477
1441795293 34476
1441796979 34469
1441797134 34471
1441801384 34472
1441826547 34468
1441826756 34467
1441832397 34467
1441865586 34467
1441894368 34467
1441897376 34469
1441916177 34483
1441918059 34545
1441918342 34545
1441920478 34706
1441920635 34827
1441936785 34834
1441999399 34833
1441999632 34834
1442001951 34834
1442142791 34834
1442286663 34832
1442329516 34835
1442337646 34830
1442347518 34838
1442403804 34838
1442404244 34838
1442435470 34838
1442435477 34843
1442440883 34844
1442446508 34845
1442498761 34846
1442509361 34846
1442554782 34847
1442580084 34847
1442756816 34853
1442843578 34855
1442843585 34855
1442843714 34858
1442848167 34887
1442849106 34888
1442855014 34890
1442855921 34893
1442871631 34894
1442880744 34894
1443049962 35195
1443050126 35196
1443071889 35196
1443147874 35488
1443162362 35196
1443194482 35196
1443195707 35210
1443363068 35199
1443392444 35214
1443460036 35217
1443472569 35217
1443473699 35217
1443485210 35225
1443561004 35226
1443561041 35226
1443561112 35227
1443562039 35226
1443619018 35232
1443619201 35242
1443643587 35268
1443643718 35279
1443645101 35340
1443647729 35340
1443670963 35470
1443723602 35361
1443725954 35361
1443800878 35362
1443800898 35362
1443802352 35377
1443807743 35459
1443840527 35488
1443895814 35488
1443934485 35488
1443934587 35488
1443934594 35489
1443934773 35494
1443935131 35505
1444143000 35506
1444153593 35506
1444154299 35521
1444154529 35524
1444154649 35524
1444154925 35529
1444155008 35529
1444155091 35529
1444155767 35509
1444165145 35592
1444326150 35790
1444335904 35800
1444401197 35790
1444401328 35790
1444401412 35792
1444401437 35791
1444414035 35796
1444414624 35808
1444427645 35849
1444428361 35851
1444497842 35854
1444497964 35854
1444498010 35854
1444498230 35855
1444498755 35855
1444498955 35860
1444499786 35865
1444499960 35865
1444500393 35901
1444515122 35925
1444548630 35905
1444581861 35905
1444581881 35906
1444601987 35917
1444602720 35918
1444660940 35930
1444704670 35962
1444704894 35930
1444717178 35964
1444733782 35930
1444751902 35932
1444752999 35936
1444754334 35952
1444772411 35958
1444812093 35961
1444815082 35962
1444893731 35983
1444908378 35984
1444908414 35983
1444908706 35982
1444911276 35986
1444934581 35989
1445015223 35988
1445015255 35989
1445019264 36058
1445049337 36060
1445056595 36072
1445099463 36037
1445175456 36042
1445175747 36044
1445180747 36065
1445250852 36085
1445255013 36083
1445356509 36085
1445454197 36088
1445531610 36093
1445533330 36115
1445547852 36116
1445625659 36138
1445676221 36141
1445773686 36141
1445773811 36144
1445773944 36225
1445788291 36229
1445796704 36231
1445796958 36236
1445840167 36249
1445993109 36235
1445994198 36244
1446040293 36251
1446040316 36260
1446040398 36333
1446041480 36333
1446041860 36334
1446042710 36349
1446046348 36428
1446046592 36429
1446057043 36430
1446057111 36432
1446057970 36438
1446058683 36455
1446058989 36455
1446075728 36454
1446076156 36452
1446302315 36452
1446308875 36462
1446336666 36460
1446780662 36460
1447031033 36465
1447070632 36464
1447070772 36464
1447072174 36466
1447084726 36468
1447092763 36470
1447098138 36470
1447104275 36470
1447109422 36470
1447124148 36471
1447244164 36502
1447244314 36502
1447254839 36456
1447265041 36456
1447266170 36471
1447266240 36470
1447266300 36470
1447266360 36460
1447267713 36467
1447267762 36472
1447274194 36484
1447276213 36514
1447296940 36514
1447462060 36514
1447515347 36514
1447516517 36520
1447810526 36568
1447843266 36520
1447848490 36523
1447927306 36523
1447927328 36524
1448032020 36526
1448034525 36565
1448286417 36565
1448303307 36568
1448537028 36575
1448537224 36563
1448537729 36561
1448538225 36742
1448619340 36743
1448729482 36741
1448856647 36743
1449008760 36745
1449011308 36745
1449111484 36743
1449120587 36743
1449220109 36895
1449230626 36745
1449231302 36799
1449245170 36871
1449246725 36874
1449247458 36887
1449259730 36888
1449324598 36887
1449324682 36888
1449331312 36887
1449333046 36893
1449345244 36894
1449347977 36895
1449348209 36894
1449378565 36894
1449385295 36895
1449401056 36894
1449401109 36894
1449424290 37531
1449425197 37531
1449426652 37537
1449498777 37538
1449517523 37538
1449518094 37538
1449518292 37538
1449518311 37538
1449549840 37596
1449583080 37596
1449583140 37596
1449583200 37596
1449583260 37597
1449583320 37597
1449583380 37597
1449583440 37598
1449583500 37601
1449583560 37601
1449583620 37602
1449583680 37602
1449583740 37604
1449583800 37609
1449587739 37609
1449589465 37609
1449612327 37608
1449654821 37605
1449655194 37610
1449655615 37604
1449675125 37626
1449675129 37629
1449807060 37630
1449829572 37632
1449901216 37634
1450008028 37569
1450096939 37569
1450134240 37568
1450189651 37568
1450189667 37573
1450189679 37578
1450220921 37578
1450455720 37578
1450455780 37584
1450455840 37592
1450455900 37598
1450455960 37602
1450456020 37608
1450458900 37617
1450536463 37615
1450537393 37612
1450705721 37997
1450710661 38028
1450710921 38032
1450715201 38032
1450789390 38032
1450810343 38062
1450810530 38059
1450818641 38077
1450834189 38164
1450853867 38164
1450854353 38164
1450896616 38170
1450897400 38167
1450899253 38168
1450901618 38168
1450905400 38168
1450906911 38166
1450907578 38168
1450909504 38308
1451133550 38308
1451390659 38309
1451399505 38309
1451420162 38310
1451422585 38310
1451423934 38315
1451500854 38315
1451500904 38317
1451502868 38320
1451518802 38371
1451544769 38372
1451637133 38372
1451637254 38378
1451656497 38378
1451656525 38382
1451657571 38382
1451657881 38382
1451659102 38382
1451754084 38383
1451866381 38383
1451984431 38386
1451999061 38386
1452000054 38388
1452000096 38396
1452001532 38400
1452018915 38400
1452123685 38425
1452170832 38423
1452348202 38426
1452349055 38431
1452435113 38434
1452520810 38454
1452526683 38477
1452625790 38366
1452633949 38368
1452635833 38368
1452635877 38369
1452660021 38900
1452660213 38904
1452687594 38369
1452722482 38369
1452722630 38371
1452722841 38370
1452771788 38371
1452789835 38372
1452792540 38399
1452794392 38380
1452795116 38381
1452799992 38385
1452890033 38385
1452903190 38401
1452941902 38415
1452942056 38429
1452942247 38441
1452942371 38461
1452943807 38458
1452943993 38458
1452965983 38458
1452976324 38465
1452988180 38458
1452988202 38459
1453046749 38463
1453059428 38465
1453071900 38467
1453071960 38468
1453072020 38469
1453072080 38470
1453072140 38487
1453072421 38487
1453092656 38487
1453093866 38487
1453094953 38487
1453100159 38487
1453127723 38487
1453160124 38500
1453160142 38503
1453232475 38507
1453241040 38511
1453241100 38520
1453241160 38520
1453241220 38528
1453241280 38532
1453241340 38532
1453242987 38543
1453659660 38543
1453659720 38548
1453659780 38568
1453659840 38577
1453660911 38582
1453744341 38590
1453747397 38593
1453749132 38597
1453751552 38603
1453763058 38603
1453763370 38644
1453765702 38645
1453770240 38646
1453770300 38647
1453770360 38695
1453771624 38773
1453783667 38695
1453824037 38920
1453824933 38917
1453830759 38917
1453830845 38864
1453841216 38786
1453845844 38905
1453847304 38909
1453847322 38912
1453851985 38919
1453909126 38919
1453909342 38917
1453918788 38896
1453926729 38896
1453956488 38896
1453956584 38902
1453987746 38904
1453990720 38904
1453992172 38904
1454004684 38927
1454004788 38927
1454006949 38920
1454007036 38920
1454009346 38962
1454011266 37678
1454033898 37674
1454035203 37675
1454095519 37683
1454095943 37687
1454101792 37687
1454164560 37698
1454164620 37694
1454164680 37695
1454164740 37695
1454164800 37720
1454165387 37720
1454445806 37725
1454477864 37726
1455112521 37730
1455142751 37730
1455213702 37743
1455230830 37736
1455253510 37730
1455331658 37736
1455399758 37754
1455399840 37765
1455416319 37771
1455458673 37774
1455458781 37774
1455459328 37777
1455464159 37784
1455478214 37792
1455546358 37792
1455553948 37793
1455813939 37792
1455860246 37792
1455922933 37792
1456221107 37814
1456226338 37845
1456228101 37908
1456237939 37906
1456244905 37908
1456572120 37946
1456572180 37969
1456572240 37978
1456572300 37980
1456572360 37989
1456576400 37988
1456636370 37988
1456641291 37989
1456641360 38005
1456642448 38005
1456644856 38151
1456653859 38005
1456654399 38051
1456656440 38111
1456908813 38129
1456909373 38129
1456909968 38137
1456913987 38168
1456917769 38168
1457010176 38210
1457244842 38212
1457795550 38319
1457852380 38322
1458463975 38370
1458745048 38492
1458916001 38370
1458916017 38370
1458919047 38384
1458919864 38392
1458928460 38391
1459175931 38391
1459186430 38392
1459186649 38390
1459186808 38407
1459187777 38407
1459198140 38394
1459199072 38406
1459244759 38449
1459247519 38449
1459250658 38451
1459250976 38454
1459256339 38462
1459266314 38481
1459267096 38481
1459450198 38486
1459611636 38486
1459660797 38486
1459714150 38492
1459882689 38489
1459895241 38492
1459930899 38492
1459946272 38491
1459954708 38491
1460105791 38510
1460280130 38511
1460280165 38535
1460306026 38541
1460312063 38547
1460312611 38547
1460449724 38541
1460578978 38550
1460579348 38554
1460626175 38599
1460627409 38605
1460627467 38605
1460627586 38613
1460683415 38633
1460798771 38618
1460820310 38620
1460948703 38626
1461183051 38633
1461191061 38635
1461239978 38640
1461239985 38647
1461442360 38648
1461510420 38653
1461510480 38658
1461510540 38670
1461510600 38670
1461510660 38703
1461578465 38703
1461580382 38701
1461580585 38697
1461581172 38730
1461581857 38730
1461583029 38730
1461583189 38703
1461583716 38734
1461583834 38734
1461583957 38742
1462017023 38743
1462118449 38743
1462151689 38743
1462310197 38743
1462535956 38743
1462628909 38841
1462630170 38860
1462631108 39121
1462631492 39139
1462646977 39141
1462651029 39168
1462706263 39441
1462738081 39442
1462741925 39556
1462742068 39556
1462742089 39556
1462833066 39556
1462835151 39558
1462835344 39560
1462877588 39565
1462960496 39933
1462961261 39565
1462972002 39567
1462998581 39611
1463004813 39607
1463048920 39763
1463091047 39929
1463166972 39929
1463179012 39933
1463254965 39940
1463262682 39941
1463499442 39941
1463499513 39942
1463674350 39944
1463676116 39973
1463676653 39973
1463676750 39981
1463708804 39980
1463749002 39980
1463855577 39983
1463868532 39989
1463871559 40110
1463941754 40121
1463950013 39992
1464048116 39992
1464056544 40121
1464058475 40188
1464059311 40189
1464146220 40186
1464146229 40119
1464223187 40120
1464350946 40191
1464363659 40239
1464387707 40191
1464390350 40255
1464391193 40191
1464408508 40230
1464440167 40222
1464441970 40225
1464496850 40225
1464579882 40230
1464604127 40239
1464618370 40232
1464743099 40239
1464798236 40255
1464886139 40255
